Topic 0
0
69
58
54
18
70
Topic 1
1
11
22
67
7
43
Topic 2
2
70
80
60
23
34
Topic 3
3
70
11
23
8
66
Topic 4
4
17
20
73
87
63
Topic 5
5
73
3
50
7
4
Topic 6
6
66
81
11
77
68
Topic 7
7
70
21
22
11
51
Topic 8
8
11
70
76
23
22
Topic 9
9
25
74
75
69
66
Topic 10
10
54
47
25
75
58
Topic 11
11
70
22
75
67
1
Topic 12
12
11
70
80
7
22
Topic 13
13
75
80
11
66
25
Topic 14
14
11
70
66
18
2
Topic 15
15
22
11
43
7
21
Topic 16
16
65
94
97
75
78
Topic 17
17
42
20
85
64
4
Topic 18
18
97
65
37
0
75
Topic 19
19
20
87
64
4
86
Topic 20
20
4
17
64
73
42
Topic 21
21
70
11
22
7
76
Topic 22
22
11
43
44
7
70
Topic 23
23
70
81
11
82
22
Topic 24
24
11
1
22
67
43
Topic 25
25
75
11
9
94
18
Topic 26
26
69
20
94
71
18
Topic 27
27
69
18
25
11
0
Topic 28
28
48
37
84
69
11
Topic 29
29
11
70
44
54
65
Topic 30
30
22
11
44
43
7
Topic 31
31
70
0
88
54
58
Topic 32
32
39
81
70
47
34
Topic 33
33
70
21
3
11
7
Topic 34
34
97
46
18
80
70
Topic 35
35
69
18
0
84
99
Topic 36
36
70
11
37
99
78
Topic 37
37
75
18
69
11
65
Topic 38
38
11
70
97
65
75
Topic 39
39
11
66
46
34
91
Topic 40
40
11
70
69
29
21
Topic 41
41
23
70
31
73
17
Topic 42
42
17
20
64
86
87
Topic 43
43
22
11
44
76
7
Topic 44
44
70
11
43
22
7
Topic 45
45
87
92
93
48
71
Topic 46
46
34
11
70
66
31
Topic 47
47
11
77
75
70
66
Topic 48
48
11
70
2
7
0
Topic 49
49
17
4
63
80
11
Topic 50
50
94
97
20
70
73
Topic 51
51
70
56
7
21
11
Topic 52
52
11
17
85
66
81
Topic 53
53
76
22
21
11
84
Topic 54
54
58
80
18
70
0
Topic 55
55
21
81
82
70
23
Topic 56
56
50
65
73
43
22
Topic 57
57
66
70
86
11
6
Topic 58
58
54
0
31
69
70
Topic 59
59
11
22
70
3
47
Topic 60
60
70
21
23
61
48
Topic 61
61
70
29
18
80
65
Topic 62
62
42
64
63
66
17
Topic 63
63
11
62
66
4
75
Topic 64
64
17
20
42
85
62
Topic 65
65
94
97
18
11
75
Topic 66
66
70
11
23
75
6
Topic 67
67
11
1
22
24
7
Topic 68
68
66
3
11
63
6
Topic 69
69
0
18
71
75
25
Topic 70
70
11
21
7
66
23
Topic 71
71
69
65
56
11
18
Topic 72
72
11
76
7
21
1
Topic 73
73
70
4
20
21
23
Topic 74
74
69
25
9
11
0
Topic 75
75
25
9
65
66
11
Topic 76
76
11
21
43
44
72
Topic 77
77
11
47
70
6
81
Topic 78
78
11
70
75
66
79
Topic 79
79
78
58
18
34
97
Topic 80
80
9
66
75
11
34
Topic 81
81
70
85
23
21
91
Topic 82
82
55
81
22
11
21
Topic 83
83
7
56
11
71
65
Topic 84
84
11
75
69
37
66
Topic 85
85
17
64
23
20
46
Topic 86
86
42
62
81
17
66
Topic 87
87
20
17
42
4
92
Topic 88
88
75
11
18
70
66
Topic 89
89
69
84
71
11
76
Topic 90
90
22
11
7
29
70
Topic 91
91
70
10
21
90
39
Topic 92
92
87
76
45
43
21
Topic 93
93
11
1
84
75
69
Topic 94
94
65
70
97
75
25
Topic 95
95
0
70
18
80
71
Topic 96
96
0
11
93
84
7
Topic 97
97
18
65
34
37
94
Topic 98
98
11
37
71
65
69
Topic 99
99
37
69
11
36
0
