Topic 0
0
97
2
129
142
94
Topic 1
1
121
99
29
98
77
Topic 2
2
97
142
102
94
52
Topic 3
3
142
77
139
99
94
Topic 4
4
117
99
77
88
133
Topic 5
5
142
86
102
95
55
Topic 6
6
99
68
77
137
47
Topic 7
7
129
27
94
111
64
Topic 8
8
55
142
52
94
123
Topic 9
9
102
128
142
42
22
Topic 10
10
99
86
102
4
122
Topic 11
11
28
3
99
86
62
Topic 12
12
86
131
138
55
99
Topic 13
13
99
102
77
20
86
Topic 14
14
94
102
99
135
77
Topic 15
15
139
133
99
102
77
Topic 16
16
102
52
86
77
62
Topic 17
17
128
26
137
111
118
Topic 18
18
115
93
142
121
8
Topic 19
19
94
122
139
99
64
Topic 20
20
105
99
133
16
13
Topic 21
21
128
26
111
129
98
Topic 22
22
99
86
105
20
117
Topic 23
23
127
52
120
8
132
Topic 24
24
102
127
16
52
133
Topic 25
25
99
102
77
122
128
Topic 26
26
21
99
68
128
111
Topic 27
27
94
98
129
145
128
Topic 28
28
86
122
131
42
41
Topic 29
29
135
77
99
149
102
Topic 30
30
99
105
50
48
117
Topic 31
31
122
105
102
131
143
Topic 32
32
120
52
8
123
80
Topic 33
33
2
122
97
52
102
Topic 34
34
105
135
102
131
86
Topic 35
35
121
115
120
3
55
Topic 36
36
80
93
142
127
52
Topic 37
37
127
123
32
8
142
Topic 38
38
120
8
52
23
77
Topic 39
39
142
127
97
8
52
Topic 40
40
102
94
97
135
8
Topic 41
41
135
131
105
102
86
Topic 42
42
131
105
102
99
77
Topic 43
43
102
99
22
117
42
Topic 44
44
55
99
77
102
88
Topic 45
45
94
99
135
77
60
Topic 46
46
102
131
99
122
117
Topic 47
47
98
128
99
77
6
Topic 48
48
105
99
86
50
20
Topic 49
49
142
8
123
127
100
Topic 50
50
99
105
102
16
86
Topic 51
51
143
86
4
99
117
Topic 52
52
127
55
142
120
8
Topic 53
53
115
8
139
120
94
Topic 54
54
122
55
99
129
8
Topic 55
55
8
52
127
86
94
Topic 56
56
111
141
99
102
137
Topic 57
57
99
77
131
102
97
Topic 58
58
122
4
131
117
99
Topic 59
59
24
104
142
102
103
Topic 60
60
97
62
102
99
77
Topic 61
61
128
142
118
129
95
Topic 62
62
16
86
99
133
142
Topic 63
63
129
27
7
111
116
Topic 64
64
94
8
132
14
32
Topic 65
65
94
135
99
133
117
Topic 66
66
52
55
94
132
129
Topic 67
67
99
86
22
41
75
Topic 68
68
6
128
142
99
21
Topic 69
69
99
102
106
129
8
Topic 70
70
106
102
16
121
77
Topic 71
71
102
99
127
136
86
Topic 72
72
77
129
102
99
52
Topic 73
73
50
30
99
9
1
Topic 74
74
86
42
143
41
105
Topic 75
75
42
105
131
102
86
Topic 76
76
142
129
106
135
77
Topic 77
77
99
102
149
94
29
Topic 78
78
97
138
2
122
102
Topic 79
79
21
99
4
129
122
Topic 80
80
52
32
93
120
94
Topic 81
81
29
36
1
142
129
Topic 82
82
142
50
120
77
127
Topic 83
83
102
86
133
99
6
Topic 84
84
121
55
50
86
117
Topic 85
85
99
77
102
142
13
Topic 86
86
99
117
102
41
16
Topic 87
87
140
97
135
99
55
Topic 88
88
102
77
99
16
4
Topic 89
89
3
102
129
94
45
Topic 90
90
94
102
135
122
88
Topic 91
91
52
8
127
142
77
Topic 92
92
102
133
52
135
139
Topic 93
93
127
142
121
115
52
Topic 94
94
64
77
99
14
129
Topic 95
95
142
129
47
102
97
Topic 96
96
138
133
55
2
122
Topic 97
97
142
2
99
102
52
Topic 98
98
21
128
94
99
111
Topic 99
99
86
77
102
146
13
Topic 100
100
8
102
52
127
13
Topic 101
101
102
86
99
122
42
Topic 102
102
135
105
77
99
42
Topic 103
103
52
129
66
8
94
Topic 104
104
82
50
111
62
86
Topic 105
105
102
135
131
41
42
Topic 106
106
8
77
94
52
132
Topic 107
107
135
102
141
99
129
Topic 108
108
23
127
102
115
77
Topic 109
109
132
32
64
94
66
Topic 110
110
84
16
30
97
102
Topic 111
111
99
21
94
98
77
Topic 112
112
142
93
36
121
123
Topic 113
113
52
119
55
28
127
Topic 114
114
22
50
4
105
52
Topic 115
115
120
32
52
18
77
Topic 116
116
8
64
132
66
94
Topic 117
117
143
102
86
133
99
Topic 118
118
129
128
21
3
94
Topic 119
119
8
122
52
94
102
Topic 120
120
32
52
115
8
142
Topic 121
121
115
142
77
55
84
Topic 122
122
102
99
131
117
94
Topic 123
123
52
8
142
32
37
Topic 124
124
97
94
8
32
142
Topic 125
125
133
52
102
66
8
Topic 126
126
99
102
6
42
129
Topic 127
127
52
142
55
102
86
Topic 128
128
3
21
98
9
137
Topic 129
129
102
94
8
99
52
Topic 130
130
142
47
121
99
95
Topic 131
131
42
102
41
105
135
Topic 132
132
8
52
94
64
127
Topic 133
133
102
117
105
131
77
Topic 134
134
122
102
131
86
41
Topic 135
135
102
41
105
131
94
Topic 136
136
129
99
77
122
149
Topic 137
137
128
6
99
21
77
Topic 138
138
97
102
86
127
133
Topic 139
139
111
129
120
15
99
Topic 140
140
97
142
91
99
77
Topic 141
141
102
94
111
99
135
Topic 142
142
127
121
8
97
86
Topic 143
143
117
86
105
99
102
Topic 144
144
142
99
102
77
47
Topic 145
145
21
111
128
94
122
Topic 146
146
86
23
41
102
77
Topic 147
147
52
55
127
8
32
Topic 148
148
135
94
102
99
105
Topic 149
149
99
129
30
77
142
