Topic 0
0
137
99
24
126
8
Topic 1
1
58
41
33
126
91
Topic 2
2
14
59
133
47
32
Topic 3
3
133
126
50
26
106
Topic 4
4
12
85
86
13
134
Topic 5
5
39
133
89
137
126
Topic 6
6
101
51
58
121
75
Topic 7
7
126
44
68
133
33
Topic 8
8
112
137
99
24
12
Topic 9
9
133
4
50
126
117
Topic 10
10
63
133
14
2
11
Topic 11
11
17
136
76
62
60
Topic 12
12
96
49
41
86
39
Topic 13
13
88
52
54
139
39
Topic 14
14
50
133
2
26
18
Topic 15
15
112
39
149
107
126
Topic 16
16
23
139
121
95
58
Topic 17
17
11
136
62
28
68
Topic 18
18
90
133
45
130
14
Topic 19
19
111
112
130
12
54
Topic 20
20
35
149
75
121
143
Topic 21
21
78
79
133
89
126
Topic 22
22
143
20
49
35
149
Topic 23
23
58
121
101
77
51
Topic 24
24
137
0
99
127
76
Topic 25
25
133
59
97
47
32
Topic 26
26
50
133
63
14
32
Topic 27
27
17
45
86
117
60
Topic 28
28
17
136
62
74
10
Topic 29
29
59
133
32
2
93
Topic 30
30
77
137
129
39
134
Topic 31
31
77
137
76
49
111
Topic 32
32
133
59
26
2
126
Topic 33
33
88
67
145
78
123
Topic 34
34
106
100
68
62
17
Topic 35
35
75
134
20
121
129
Topic 36
36
54
39
52
33
112
Topic 37
37
130
47
41
141
119
Topic 38
38
139
143
65
22
49
Topic 39
39
114
70
89
41
139
Topic 40
40
126
134
149
77
35
Topic 41
41
130
39
89
85
126
Topic 42
42
125
143
101
6
142
Topic 43
43
134
112
111
126
149
Topic 44
44
135
41
133
68
79
Topic 45
45
49
113
117
86
38
Topic 46
46
75
134
57
137
121
Topic 47
47
133
106
2
136
59
Topic 48
48
20
145
108
106
33
Topic 49
49
76
31
57
77
134
Topic 50
50
14
18
45
63
10
Topic 51
51
6
77
129
57
23
Topic 52
52
39
111
13
36
54
Topic 53
53
133
63
106
62
50
Topic 54
54
139
121
36
112
52
Topic 55
55
130
26
18
14
133
Topic 56
56
58
23
51
6
129
Topic 57
57
75
109
77
6
31
Topic 58
58
6
101
16
23
56
Topic 59
59
133
2
63
47
3
Topic 60
60
62
127
17
146
11
Topic 61
61
106
28
135
17
136
Topic 62
62
17
11
136
28
127
Topic 63
63
50
89
79
14
26
Topic 64
64
133
130
18
126
55
Topic 65
65
96
127
146
148
115
Topic 66
66
115
126
114
38
70
Topic 67
67
95
33
88
41
16
Topic 68
68
106
28
135
74
17
Topic 69
69
134
109
121
137
112
Topic 70
70
39
71
114
115
52
Topic 71
71
39
89
72
70
36
Topic 72
72
39
137
111
36
52
Topic 73
73
101
130
121
19
35
Topic 74
74
133
68
28
14
50
Topic 75
75
57
35
134
6
143
Topic 76
76
137
31
99
49
126
Topic 77
77
149
31
57
125
51
Topic 78
78
67
33
88
123
126
Topic 79
79
133
126
89
32
50
Topic 80
80
39
115
36
70
54
Topic 81
81
13
85
30
112
77
Topic 82
82
86
131
42
38
146
Topic 83
83
36
114
39
148
54
Topic 84
84
39
111
70
139
85
Topic 85
85
39
111
41
52
70
Topic 86
86
49
45
113
131
125
Topic 87
87
76
39
129
126
121
Topic 88
88
33
78
95
67
123
Topic 89
89
71
39
78
41
126
Topic 90
90
58
134
36
121
129
Topic 91
91
126
41
85
67
16
Topic 92
92
17
133
62
74
11
Topic 93
93
32
137
133
76
126
Topic 94
94
106
47
130
136
2
Topic 95
95
16
23
41
58
67
Topic 96
96
115
65
127
12
39
Topic 97
97
2
106
133
47
136
Topic 98
98
13
89
41
8
102
Topic 99
99
76
137
126
49
31
Topic 100
100
116
140
65
48
106
Topic 101
101
129
6
58
142
121
Topic 102
102
36
39
41
112
139
Topic 103
103
133
140
126
74
4
Topic 104
104
137
49
109
99
76
Topic 105
105
36
131
115
52
89
Topic 106
106
47
136
133
2
63
Topic 107
107
137
133
89
76
93
Topic 108
108
76
146
41
149
130
Topic 109
109
121
57
75
134
6
Topic 110
110
120
58
142
114
124
Topic 111
111
139
112
124
149
77
Topic 112
112
111
134
124
85
46
Topic 113
113
117
45
49
86
131
Topic 114
114
39
70
115
85
116
Topic 115
115
39
114
70
126
41
Topic 116
116
114
39
13
115
38
Topic 117
117
86
113
131
45
76
Topic 118
118
35
75
51
6
143
Topic 119
119
101
23
136
33
20
Topic 120
120
101
124
16
142
121
Topic 121
121
75
35
6
109
134
Topic 122
122
18
27
140
4
21
Topic 123
123
139
114
13
52
148
Topic 124
124
121
101
6
129
58
Topic 125
125
149
77
42
143
49
Topic 126
126
133
89
41
76
134
Topic 127
127
65
62
60
76
11
Topic 128
128
137
126
134
72
76
Topic 129
129
121
6
57
77
101
Topic 130
130
41
133
111
141
18
Topic 131
131
12
96
126
117
39
Topic 132
132
39
85
13
52
88
Topic 133
133
126
59
2
50
89
Topic 134
134
75
121
149
49
35
Topic 135
135
133
63
68
3
126
Topic 136
136
17
106
28
47
119
Topic 137
137
31
76
77
126
99
Topic 138
138
133
130
62
136
5
Topic 139
139
111
54
39
124
52
Topic 140
140
39
70
116
50
13
Topic 141
141
41
58
130
67
126
Topic 142
142
101
39
114
129
42
Topic 143
143
75
125
129
57
77
Topic 144
144
123
129
87
75
146
Topic 145
145
33
57
88
31
67
Topic 146
146
76
126
134
39
41
Topic 147
147
106
145
149
58
33
Topic 148
148
114
54
38
139
112
Topic 149
149
35
134
125
124
49
